-0,1097091	0,08299013	-0,1046021	0,1456149	-0,09335837	0,5108939	-0,09928419	0,6647193	-0,264132	0,390538	-0,3292336	0,1706748	-0,3063763	0,009089187	-0,2983113	-0,007627356	0,07739836	0,38744	0,1526361	0,1845904	0,0991686	0,02046181	0,0970249	-0,031622	-0,1888367	0,008420471	-0,2262172	-0,3794254	-0,2420584	-0,6338779	-0,1510665	-0,6265531	-0,0355929	0,004948144	-0,03342784	-0,4035393	0,1475906	-0,597608	0,248484	-0,6123062	1
0,03905728	0,2947652	0,04605407	0,3535531	0,03438085	0,716521	0,01667496	0,9009359	-0,1498429	0,6083066	-0,3284194	0,6247731	-0,2294363	0,8246024	-0,2002332	0,8760419	0,2155028	0,6147248	0,4126775	0,6434615	0,3249439	0,810807	0,2693342	0,8811079	-0,04265511	0,2113166	-0,03803687	-0,2285583	-0,03850785	-0,5709589	-0,1225876	-0,6418745	0,1228522	0,2166449	0,1424448	-0,2395417	0,1470005	-0,5788616	0,1333374	-0,6225094	1
0,05347962	0,2994149	0,05503953	0,356731	0,04678752	0,7000157	0,03879656	0,865518	-0,1426356	0,6080724	-0,3256199	0,651302	-0,1929651	0,829191	-0,1455215	0,8984925	0,2344511	0,6188041	0,4228766	0,6573566	0,3300905	0,8060536	0,2661809	0,8746606	-0,03174871	0,2151466	-0,03611262	-0,2230483	-0,03645096	-0,562839	-0,1208618	-0,6353928	0,141602	0,2176336	0,144472	-0,2378775	0,1366144	-0,5766754	0,2234119	-0,6245917	1
0,04149849	0,3054869	0,04205625	0,3620229	0,02756625	0,7074736	0,01483872	0,8850852	-0,1589304	0,611443	-0,3411831	0,6522726	-0,2161424	0,8242655	-0,1678487	0,9021955	0,2195078	0,6203708	0,4067106	0,6603224	0,2697592	0,8452847	0,2449712	0,8897764	-0,04188946	0,2202564	-0,04517563	-0,2228026	-0,04206929	-0,5680249	-0,1278977	-0,6388788	0,1302362	0,2240396	0,1374736	-0,2369469	0,1464751	-0,5747363	0,1434864	-0,6235545	1
0,02941108	0,2911797	0,02936736	0,3535264	0,02116165	0,6905944	0,01892442	0,8641443	-0,1678591	0,6055788	-0,3610115	0,6534488	-0,2157708	0,8220356	-0,1817256	0,8751012	0,2079315	0,6163408	0,3955394	0,6550466	0,3044388	0,8064806	0,2399054	0,8795815	-0,05522706	0,205038	-0,05883179	-0,229051	-0,04902013	-0,5574896	-0,1295666	-0,6359999	0,1193374	0,2104542	0,1382688	-0,2343635	0,1508229	-0,5838709	0,1489461	-0,6352534	1
0,0584093	0,2773588	0,06334513	0,3361139	0,05630965	0,7048469	0,04066228	0,8921788	-0,1330954	0,6062807	-0,3089924	0,6499349	-0,1993998	0,8074144	-0,1528702	0,8557373	0,2355538	0,6073571	0,4380037	0,6666771	0,3337896	0,8179541	0,2865151	0,8657631	-0,02095175	0,1917732	-0,0256549	-0,2281052	-0,02427919	-0,5278667	-0,1043674	-0,6061502	0,1384923	0,2007836	0,1446498	-0,2237918	0,1452939	-0,5693401	0,2335921	-0,6207987	1
0,03967692	0,2698575	0,04481938	0,3290322	0,03807665	0,6971319	0,01998648	0,8834046	-0,1541141	0,5933287	-0,3409933	0,6585166	-0,2417987	0,851625	-0,1985207	0,9131798	0,2155076	0,603381	0,4218132	0,6618647	0,3268511	0,8251464	0,2694928	0,8948082	-0,04166277	0,1853956	-0,04688277	-0,3248619	-0,04540493	-0,6078988	-0,138589	-0,6675875	0,1205108	0,1918934	0,1340518	-0,234156	0,1446203	-0,5732319	0,1372448	-0,628634	1
0,05033939	0,2686915	0,05485575	0,3290848	0,04336064	0,7010202	0,03007581	0,8860736	-0,1425341	0,5916643	-0,3275368	0,6501388	-0,2173513	0,8211745	-0,1742693	0,8735915	0,2180485	0,6101961	0,4221173	0,679455	0,3116677	0,8313804	0,2663535	0,9033344	-0,02856685	0,1826724	-0,03543787	-0,3193832	-0,05813133	-0,59839	-0,08550562	-0,6361161	0,1314613	0,1955705	0,1377854	-0,2275603	0,1433493	-0,5682765	0,1343702	-0,62109	1
0,05335863	0,2720134	0,05457574	0,330404	0,04083914	0,698723	0,03430264	0,8840057	-0,1437846	0,5869784	-0,3348209	0,656999	-0,227875	0,8328519	-0,1802515	0,9113663	0,2204306	0,6112967	0,4266657	0,6634642	0,3296656	0,8254738	0,2737128	0,8990624	-0,02374343	0,1870164	-0,04524173	-0,3264403	-0,05388153	-0,6040373	-0,1273003	-0,6613846	0,1355915	0,1981187	0,1368704	-0,2286148	0,1406968	-0,5725811	0,1349443	-0,6258234	1
0,05569688	0,2539515	0,05930063	0,3168999	0,05535131	0,6999209	0,05323742	0,8748584	-0,1086725	0,5952934	-0,2648005	0,4864676	-0,2751598	0,3411694	-0,2491769	0,2752302	0,225968	0,6040245	0,4051177	0,4831358	0,4006201	0,3128856	0,3826978	0,2547451	-0,0176126	0,1762529	-0,03834952	-0,335881	-0,1010223	-0,6171228	-0,15175	-0,6673949	0,1297673	0,1841268	0,1470591	-0,2362154	0,1530422	-0,5739745	0,1471752	-0,6299427	2
0,07801127	0,2497558	0,08497246	0,3174944	0,08183768	0,7137034	0,07082159	0,9031495	-0,07928412	0,5968028	-0,2113432	0,452435	-0,2186075	0,3135936	-0,2022067	0,2446271	0,2447281	0,6030667	0,4269947	0,4793636	0,4132963	0,3247925	0,3797944	0,2540859	0,004577789	0,1738196	-0,02708404	-0,3418539	-0,1820974	-0,6726134	-0,2109918	-0,6941637	0,1506954	0,1814249	0,1607078	-0,2332647	0,1548331	-0,5733517	0,1415649	-0,624257	2
0,04941076	0,2519107	0,05350525	0,3192224	0,04577504	0,718682	0,03553883	0,9058001	-0,1089744	0,5998282	-0,232473	0,4444622	-0,2429902	0,3068965	-0,2217817	0,2380886	0,2146052	0,6027286	0,37894	0,4639153	0,3736818	0,3057397	0,3486725	0,2499328	-0,02236	0,1762759	-0,04145686	-0,3411028	-0,1963147	-0,6751931	-0,1667682	-0,6916977	0,1225913	0,1840788	0,1500454	-0,2238226	0,1573615	-0,5626629	0,149884	-0,6068334	2
0,03188498	0,2472148	0,03382673	0,3119388	0,01748791	0,6807648	-0,007117243	0,8610382	-0,1469864	0,5888792	-0,2679915	0,4436696	-0,2688676	0,2904419	-0,2440556	0,2200619	0,1943191	0,5995849	0,3729258	0,4758456	0,3708678	0,3265973	0,3459085	0,2707255	-0,04345186	0,1643749	-0,03943544	-0,3544909	-0,06641269	-0,6300147	-0,07617875	-0,6569461	0,1110169	0,1784308	0,138914	-0,2299898	0,1480971	-0,5692305	0,2401407	-0,6192679	2
0,04094997	0,2513127	0,04557743	0,3158931	0,03717206	0,7040611	0,01919292	0,8878189	-0,1295258	0,5913008	-0,2662267	0,444458	-0,2434271	0,2864057	-0,2367429	0,2351563	0,2139062	0,5978442	0,3945145	0,4779297	0,3681818	0,3131169	0,3492114	0,2505828	-0,03538891	0,1712483	-0,03091932	-0,3489138	-0,06611027	-0,6230799	-0,07642108	-0,6501513	0,1181967	0,180154	0,1393092	-0,2402158	0,1499033	-0,5888346	0,2488064	-0,6196067	2
0,048651	0,2317231	0,04587792	0,303981	0,03047392	0,6670871	0,007969067	0,8539551	-0,1291914	0,5633415	-0,2243525	0,4052511	-0,2127878	0,24227	-0,2030671	0,1765888	0,2066939	0,5672365	0,4038461	0,462779	0,3279476	0,2422258	0,3132265	0,1810028	-0,027211	0,1516061	-0,1136061	-0,3081556	-0,2136632	-0,6776861	-0,175996	-0,685312	0,1306694	0,1602731	0,1785091	-0,2215191	0,1664414	-0,5804256	0,2690494	-0,6196315	3
0,07476629	0,07180855	0,07017632	0,1397094	0,04915375	0,4810672	0,03212058	0,663716	-0,10938	0,3733424	-0,2420471	0,218619	-0,1926356	0,01057276	-0,176165	-0,05877601	0,2260792	0,3927813	0,4074101	0,2962378	0,4315414	0,1207395	0,4174183	0,0466871	0,0007126136	-0,006956232	-0,1631346	-0,3156443	-0,2124703	-0,6886824	-0,1754108	-0,6914217	0,1579835	0,002002068	0,3376571	-0,3043689	0,2166761	-0,6012655	0,3073832	-0,6377494	3
0,0642163	0,08530308	0,05992083	0,1517127	0,0375323	0,4834937	0,04051498	0,6670176	-0,1209001	0,3846972	-0,2626821	0,2359499	-0,2953536	0,06533977	-0,282927	-0,01841633	0,2166834	0,3976545	0,3893945	0,2947767	0,4185128	0,1158663	0,4019291	0,04431175	-0,008530883	0,004028572	-0,1731012	-0,3167432	-0,2267422	-0,6952124	-0,1872956	-0,6987715	0,1457893	0,01513076	0,3309233	-0,2941012	0,2118974	-0,603177	0,3103994	-0,6276929	3
0,06875794	0,1148902	0,06469981	0,1760197	0,04521767	0,4814966	0,05444641	0,6497869	-0,1151353	0,3896424	-0,261338	0,2638287	-0,2537546	0,08849546	-0,2383525	0,01963494	0,2252305	0,4065649	0,3996456	0,3125263	0,4155391	0,1341979	0,3955519	0,06864174	-0,003995122	0,03486755	-0,1476334	-0,2990708	-0,2111665	-0,6715951	-0,1779931	-0,6821658	0,1516139	0,04348649	0,3167715	-0,2742642	0,2115993	-0,6019396	0,2798492	-0,6426233	3
0,06989209	0,1173125	0,06571039	0,1778966	0,04424603	0,4811656	0,04520558	0,6576425	-0,1178449	0,3878693	-0,2636141	0,2558199	-0,2579677	0,08260377	-0,2403772	0,01703967	0,2225707	0,4067646	0,3997385	0,3174841	0,4139022	0,1343239	0,3877081	0,06483673	-0,002007406	0,03607436	-0,1475445	-0,3027143	-0,1786624	-0,6867738	-0,1406258	-0,6941351	0,1527032	0,04752643	0,3166434	-0,271233	0,2199664	-0,6003103	0,2044653	-0,6641117	3
0,06125036	0,1241116	0,05629302	0,1835803	0,03063775	0,4807343	0,02675614	0,6577748	-0,1304719	0,3936987	-0,2639232	0,2540297	-0,2561731	0,08114502	-0,2437749	0,0137399	0,2104365	0,4056944	0,3977905	0,3134575	0,4098357	0,1328352	0,3872435	0,06556383	-0,009574939	0,04150545	-0,1557572	-0,3016286	-0,2191249	-0,6779554	-0,1835924	-0,6855941	0,1445259	0,05523077	0,3025345	-0,2631011	0,2062593	-0,5961856	0,2640528	-0,6537645	3
0,06223837	0,1247193	0,05716726	0,1840346	0,03187405	0,4803473	0,02353988	0,6574723	-0,1313818	0,392156	-0,2613868	0,2403651	-0,2521521	0,069039	-0,2394615	0,010459	0,2110901	0,4057342	0,3945664	0,3153436	0,4094818	0,133344	0,3871804	0,06554776	-0,008035616	0,04163366	-0,1562544	-0,3017723	-0,2135456	-0,6851841	-0,1775117	-0,6912102	0,1457344	0,05578544	0,3004095	-0,2629029	0,2040785	-0,5974831	0,2601877	-0,6583557	3
0,06338878	0,1249448	0,05855308	0,1842287	0,03496892	0,4805894	0,02515133	0,6567281	-0,1314447	0,3913502	-0,2578653	0,253942	-0,2528649	0,08171542	-0,2384664	0,009203096	0,2114135	0,4064379	0,3969431	0,3139674	0,4103329	0,1330215	0,3893133	0,0667738	-0,007035347	0,04165635	-0,1561904	-0,3021331	-0,2063886	-0,6863503	-0,1726742	-0,6921077	0,1465551	0,05624667	0,3008162	-0,2615927	0,2042704	-0,598195	0,1976072	-0,6463575	3
0,05434714	0,09381094	0,05126457	0,151449	0,03584714	0,4396217	0,03818421	0,6363816	-0,1223146	0,3791394	-0,3245791	0,4477296	-0,2130165	0,5827951	-0,1597348	0,6289486	0,2186734	0,3889773	0,4005162	0,4842644	0,2856039	0,625415	0,2242648	0,6613206	-0,0207192	0,01624352	-0,1859822	-0,2992733	-0,07150326	-0,5496234	-0,1360852	-0,6008754	0,1370996	0,01929307	0,3246491	-0,283022	0,252217	-0,5795759	0,2444672	-0,6257523	4
0,05970816	0,1022612	0,05610469	0,1596758	0,03781279	0,4476238	0,05714058	0,6309541	-0,1209864	0,3829025	-0,329064	0,4481174	-0,2195914	0,5980232	-0,1810472	0,6541173	0,2225615	0,4027729	0,4031766	0,4981983	0,2875119	0,638342	0,2269521	0,7076123	-0,01510039	0,0214215	-0,179305	-0,2912508	-0,08102056	-0,5492316	-0,06834815	-0,6042615	0,1440526	0,02811371	0,3242648	-0,2797236	0,2468786	-0,5787945	0,2288536	-0,6384172	4
0,0587975	0,09190408	0,05423881	0,1485569	0,0310185	0,4339439	0,01841946	0,6298887	-0,1307971	0,3696164	-0,3348606	0,4375415	-0,2265905	0,5894529	-0,1785117	0,6411695	0,2092038	0,3939536	0,39349	0,4915962	0,2448521	0,647362	0,188595	0,6887673	-0,01523149	0,009810067	-0,1907612	-0,2982917	-0,0868962	-0,5429118	-0,1518586	-0,6011717	0,145319	0,0220871	0,3187094	-0,2846145	0,2459607	-0,5704286	0,1999008	-0,6250096	4
0,0676425	0,09428523	0,06289674	0,1498732	0,03979887	0,4276609	0,04338927	0,6231179	-0,1197184	0,3742221	-0,3290532	0,4306837	-0,2212704	0,5863992	-0,1762668	0,6395683	0,2138524	0,3959819	0,3950433	0,4913086	0,2558259	0,6431156	0,1996197	0,6844547	-0,004505156	0,01362863	-0,1846595	-0,2907768	-0,07121521	-0,5589488	-0,1421958	-0,6155379	0,1530843	0,02571842	0,3182842	-0,2819438	0,2488243	-0,5818675	0,1585756	-0,6206341	4
0,0730961	0,1128446	0,06876016	0,1732067	0,04841461	0,4738752	0,04596603	0,6517245	-0,1267857	0,3939269	-0,364716	0,3671001	-0,6052117	0,3677823	-0,6739956	0,3806327	0,2356482	0,4061198	0,4404075	0,3624763	0,6868511	0,3540486	0,7810429	0,3604898	-0,0006158983	0,0280189	-0,1593284	-0,2827704	-0,05321792	-0,5614673	-0,1269309	-0,6106729	0,1588523	0,03814601	0,3142564	-0,2709363	0,227816	-0,5887973	0,3155233	-0,6298771	5
0,06761069	0,1191164	0,06213297	0,1813889	0,03574102	0,4931923	0,0311576	0,6748915	-0,1377743	0,3985903	-0,3701497	0,3676479	-0,5524406	0,3649209	-0,6003759	0,3151537	0,2227663	0,4132417	0,4194717	0,3786029	0,6643434	0,3532622	0,7691389	0,3436336	-0,006101226	0,03200813	-0,1538682	-0,2845989	-0,04713854	-0,5568449	-0,1266229	-0,6168188	0,1557102	0,0470627	0,2925131	-0,2668631	0,2188144	-0,5801457	0,2030741	-0,6432516	5
0,0739685	0,1067202	0,06963138	0,1701991	0,04746586	0,4849869	0,03098175	0,671033	-0,1276352	0,386664	-0,3529429	0,3449335	-0,5331899	0,3452877	-0,6240801	0,3430174	0,2341422	0,4006721	0,4374184	0,3581954	0,6186515	0,3368255	0,6885334	0,3311205	-1,246999E-05	0,01937121	-0,166001	-0,288942	-0,06458308	-0,5694925	-0,1420932	-0,6291597	0,1592981	0,03251136	0,3179173	-0,2722793	0,2586552	-0,5760032	0,2521324	-0,6235272	5
0,07080077	0,05814172	0,06756382	0,1194922	0,04961929	0,4259579	0,05030835	0,6155735	-0,1250054	0,3410546	-0,3432813	0,2686692	-0,5558164	0,2336293	-0,6470335	0,221197	0,2356547	0,348587	0,4400882	0,2818598	0,6839532	0,2425376	0,7827889	0,2281884	-0,002017754	-0,02470905	-0,2016566	-0,3126842	-0,1047559	-0,5597383	-0,09119596	-0,6124449	0,1516869	-0,02001099	0,3518395	-0,3026978	0,3297989	-0,589066	0,239122	-0,5865215	5
0,06589857	0,06476529	0,06244991	0,1252785	0,04411013	0,4294404	0,04845153	0,6103005	-0,1292238	0,3435239	-0,3655325	0,2713072	-0,5417778	0,2302006	-0,6332885	0,2141668	0,2296207	0,3533036	0,4386643	0,2930571	0,6818198	0,2519252	0,7512106	0,2481654	-0,008951267	-0,01636627	-0,1941404	-0,3157039	-0,115669	-0,5917428	-0,119341	-0,6387662	0,149462	-0,01245684	0,3478535	-0,2968287	0,2688124	-0,5713447	0,2085959	-0,6196316	5
0,06330241	0,09995564	0,06029297	0,1582768	0,04555907	0,4507608	0,05076537	0,6299155	-0,1319533	0,380372	-0,3707912	0,3469867	-0,5524712	0,3361223	-0,6449053	0,3363364	0,2310678	0,387116	0,4288805	0,3579313	0,6761009	0,3513841	0,7560238	0,3498933	-0,01338362	0,01629999	-0,1759402	-0,2930188	-0,06380908	-0,5570297	-0,1332505	-0,6089615	0,1483528	0,02409728	0,3226419	-0,2700865	0,2481574	-0,5807177	0,3302561	-0,6119324	5
0,06157199	0,1002465	0,05777836	0,159179	0,03819109	0,4542316	0,04108759	0,6317522	-0,1355187	0,3798985	-0,3797998	0,3411359	-0,5781208	0,3251449	-0,6705394	0,32414	0,2231755	0,3905788	0,4165692	0,3591837	0,6637229	0,3482301	0,757898	0,3509378	-0,01319293	0,0159899	-0,1790015	-0,2921387	-0,07182883	-0,5502744	-0,1442533	-0,6070048	0,1469979	0,02569606	0,3153257	-0,2696571	0,2815926	-0,5521861	0,2752579	-0,6093841	5
0,1924003	0,2951652	0,2054191	0,3595342	0,2370515	0,6994748	0,2159959	0,8744462	0,05051206	0,6022058	-0,1727763	0,6005642	-0,4070489	0,6311813	-0,500074	0,6504264	0,3899986	0,5777375	0,5350788	0,4510935	0,4674873	0,2803776	0,4534811	0,2116743	0,1081278	0,227836	-0,1711834	0,04924847	-0,02463476	-0,2072132	-0,01205064	-0,2555022	0,2608767	0,2072043	0,1787445	-0,2264852	0,16721	-0,5557035	0,2614766	-0,614027	6
0,2141766	0,2935936	0,2318038	0,3567558	0,2791521	0,6933095	0,2738327	0,8679805	0,09347755	0,609728	-0,1464352	0,6175992	-0,3910218	0,649718	-0,4557181	0,6677445	0,4299732	0,5683428	0,5717421	0,437505	0,4872703	0,2593919	0,459113	0,2000208	0,1268723	0,2293926	-0,1193755	0,01043265	0,03958957	-0,2245946	0,05848687	-0,2744325	0,2772396	0,2015633	0,2157891	-0,2224426	0,2007624	-0,5594857	0,1773334	-0,6047264	6
0,210138	0,2914961	0,2263007	0,3550549	0,2673999	0,6862974	0,262401	0,8555971	0,09032378	0,6062182	-0,1508462	0,6099095	-0,3970386	0,6384721	-0,4752172	0,6571584	0,4274832	0,5632717	0,5652635	0,4333096	0,4832413	0,2601713	0,4559005	0,2024585	0,1229278	0,2274397	-0,125835	0,004506826	0,05771625	-0,2106692	0,083517	-0,2596808	0,2733978	0,1990301	0,2051183	-0,2228464	0,1988777	-0,5445365	0,1755259	-0,5913709	6
0,2081224	0,2940182	0,2218788	0,3574526	0,2569132	0,6912686	0,2442265	0,8695344	0,07200998	0,6031551	-0,1711893	0,602868	-0,4049685	0,6221384	-0,483205	0,6369517	0,4198757	0,5735686	0,5629773	0,446075	0,4788821	0,25582	0,4461482	0,1943929	0,1210827	0,2254723	-0,1153955	-0,008689731	0,05881622	-0,2308031	0,08466072	-0,2792006	0,2755795	0,2026601	0,2234766	-0,2051669	0,2179191	-0,5388619	0,1985099	-0,5859929	6
0,2090605	0,2924167	0,2215733	0,3563869	0,2602825	0,6882772	0,2550857	0,8626307	0,0825086	0,6022635	-0,1459839	0,5859805	-0,3946747	0,6051226	-0,4582514	0,6153276	0,4262955	0,5724895	0,5640658	0,4419458	0,4980607	0,2700059	0,4986657	0,2010002	0,1214263	0,2264337	-0,1230602	0,003262103	0,06198411	-0,2092845	0,09570573	-0,256253	0,2758667	0,2016589	0,2085587	-0,2044214	0,2036671	-0,5378851	0,1900222	-0,5847846	6
0,2080402	0,2943884	0,2202179	0,3583247	0,256241	0,6883902	0,2439012	0,8620731	0,07262731	0,6036559	-0,1551764	0,5955704	-0,4020828	0,609383	-0,4815434	0,6265787	0,4218866	0,5722508	0,5619404	0,4385338	0,491547	0,2685239	0,5023119	0,1995635	0,1197163	0,2270269	-0,1222316	-0,002840593	0,0385636	-0,2350385	0,1141451	-0,242054	0,2766338	0,2020613	0,2098772	-0,2086841	0,2042094	-0,5383728	0,1876964	-0,5851134	6
0,2107093	0,2920197	0,2244094	0,3553162	0,2613713	0,6900507	0,2547323	0,8606199	0,08218978	0,6043048	-0,1451742	0,5787504	-0,3928566	0,5934227	-0,4768333	0,6098453	0,4236805	0,5719718	0,5666928	0,4470675	0,4804836	0,2567749	0,445619	0,1972847	0,123871	0,2257349	-0,1135818	-0,006597996	0,05751358	-0,2298364	0,08390699	-0,2792199	0,2780166	0,2011683	0,2186936	-0,2115639	0,2185799	-0,5411391	0,2003943	-0,5881663	6
0,2044328	0,2914482	0,2201683	0,353087	0,254416	0,6850137	0,2472922	0,8590724	0,07775892	0,6033717	-0,148125	0,5702794	-0,394762	0,5589674	-0,4630238	0,5572021	0,4213042	0,5652366	0,5614912	0,4351175	0,4781647	0,2566921	0,4454201	0,1972567	0,1165784	0,2256797	-0,1285316	0,001243263	0,02651925	-0,2354484	0,1007253	-0,2574505	0,2702951	0,1994713	0,1948856	-0,2177108	0,1949328	-0,5329608	0,1760879	-0,5800095	6
0,2008632	0,2939068	0,2202757	0,354116	0,2592	0,6879005	0,2477377	0,8647587	0,07570172	0,6075693	-0,1493995	0,5756819	-0,3385631	0,5752355	-0,4286726	0,5735854	0,4147359	0,5648322	0,5600104	0,4298308	0,4667782	0,2535401	0,4357007	0,1947766	0,1136562	0,2279502	-0,130474	0,002422571	0,03367141	-0,2279451	0,0530616	-0,2783889	0,2650025	0,2019744	0,1984869	-0,2192714	0,1998099	-0,5368413	0,1750303	-0,5842087	6
0,03318354	0,2994427	0,02308712	0,3615013	-0,03512424	0,6955894	-0,04393416	0,8695717	-0,1871173	0,5727909	-0,2683169	0,3902856	-0,2266218	0,2229397	-0,2127235	0,1671577	0,1563788	0,6175675	0,391381	0,620309	0,5899295	0,6455473	0,6590652	0,6430162	-0,03043007	0,203971	0,04670097	-0,1823964	0,0563309	-0,5272894	0,1196051	-0,6038231	0,1218251	0,2413292	0,3901637	0,0206393	0,2334896	-0,2042821	0,2215911	-0,2851641	7
0,05693085	0,2965544	0,04690525	0,3586042	-0,00460781	0,6924511	-0,02001216	0,8664005	-0,1675984	0,5766536	-0,2646369	0,4004361	-0,169468	0,1915447	-0,1377451	0,1219143	0,1841831	0,604763	0,4291435	0,6008183	0,6262544	0,6048634	0,7017558	0,6027781	-0,009298231	0,2041611	0,0447523	-0,1837073	0,059329	-0,523926	0,1292406	-0,5926707	0,1444659	0,2338901	0,373111	-0,01364699	0,2466617	-0,2473939	0,3267416	-0,250205	7
0,06629166	0,2951047	0,06291889	0,3598467	0,04856414	0,6988542	0,0761087	0,8718963	-0,1160702	0,5860741	-0,2428604	0,4197417	-0,2183277	0,2467853	-0,2101501	0,1891331	0,2302803	0,5990334	0,4126364	0,5711458	0,6588418	0,5346932	0,7222438	0,5413897	-0,005482981	0,2056728	0,04154826	-0,1794086	0,06729433	-0,5222873	0,07058375	-0,5668657	0,1493675	0,2293021	0,3693357	-0,02214614	0,2045783	-0,2350618	0,203578	-0,3090674	7
0,0311356	0,3114448	0,02804391	0,3696847	-0,02043339	0,6969153	-0,05684409	0,8684133	-0,1799007	0,5819399	-0,2534064	0,4019572	-0,170064	0,2142259	-0,1422832	0,1516488	0,1596594	0,6172763	0,3997453	0,6392217	0,6286454	0,6858034	0,6946469	0,6762285	-0,03914052	0,2211084	0,04367023	-0,1833483	0,06990235	-0,51833	0,06412848	-0,5624968	0,1195839	0,2493393	0,3981864	0,06175003	0,2565936	-0,2477627	0,2631306	-0,3530344	7
0,04910096	0,3037369	0,04616348	0,3625725	0,001441066	0,6958461	-0,04056083	0,863776	-0,1590147	0,5904643	-0,2359209	0,4150787	-0,1948852	0,2474116	-0,1917969	0,204522	0,1808375	0,6107598	0,400276	0,6024945	0,6220703	0,6035655	0,702216	0,5988129	-0,0176072	0,2146784	0,04865301	-0,1746525	0,06864055	-0,5111637	0,06354621	-0,55501	0,1313103	0,2423603	0,3436686	0,01241022	0,2155357	-0,2120859	0,2284501	-0,3203706	7
0,0519076	0,2985017	0,0493161	0,3575456	0,01356952	0,6985041	-0,02942847	0,8691059	-0,1485505	0,5849786	-0,2161651	0,4039693	-0,1971589	0,2409761	-0,1914139	0,1967217	0,1824687	0,611531	0,4279594	0,5796927	0,6217102	0,5613723	0,7131861	0,5470119	-0,01357023	0,2094496	0,05987292	-0,180067	0,07171071	-0,5115399	0,0660539	-0,5566366	0,131911	0,2401827	0,3458982	0,006962672	0,2240076	-0,2163727	0,2337392	-0,3207517	7
0,06635877	0,29395	0,06232985	0,354277	0,002862416	0,6955957	-0,05876993	0,8647989	-0,1484863	0,5717206	-0,2148088	0,3873742	-0,1656921	0,2257789	-0,1597758	0,1722248	0,1695095	0,6156298	0,4186113	0,6018511	0,6199294	0,6072209	0,6911685	0,6094716	0,006331461	0,2083369	0,0503049	-0,1927958	0,08394517	-0,5164422	0,07801887	-0,5624419	0,1482963	0,2366765	0,358609	-0,1028625	0,3812575	-0,4861715	0,3734921	-0,5878081	7
0,02611106	0,2864154	0,02287644	0,3459492	-0,03705059	0,682362	-0,0806957	0,8582373	-0,1826628	0,5592551	-0,2450669	0,3764274	-0,202804	0,2178679	-0,1910653	0,1676266	0,1426857	0,6021468	0,3929799	0,5865344	0,5769609	0,5771978	0,6454017	0,5709825	-0,03109578	0,192904	0,05961727	-0,1965664	0,07071859	-0,5143371	0,05979398	-0,5609046	0,1054398	0,2334334	0,3758665	0,04298229	0,2227875	-0,1836884	0,2981449	-0,2091067	8
-0,098043	-0,06911688	-0,07289039	-0,02887182	0,07437384	0,1573705	0,295747	0,2114046	-0,1114888	0,2819407	0,07129953	0,1158106	0,2131627	-0,09090844	0,232036	-0,1571699	0,1368365	0,02372062	0,3538482	0,07569017	0,3534097	-0,1751523	0,3707746	-0,423522	-0,2122906	-0,07691264	-0,1549626	-0,4422267	-0,06777357	-0,7126359	-0,08580608	-0,6033938	-0,07436217	-0,1873591	0,01003239	-0,5191672	0,007145264	-0,8033338	0,09496039	-0,7377369	8
-0,04779423	-0,1033133	-0,03109971	-0,05433781	0,052648	0,1914012	0,2737956	0,2308142	-0,1685854	0,2244429	-0,2113736	-0,01233131	-0,205223	-0,2105653	-0,1864042	-0,276738	0,1151107	0,05775142	0,2180272	0,04927702	0,2932014	-0,1888522	0,3091525	-0,2531634	-0,1475416	-0,1560305	-0,1907951	-0,4689691	-0,05139248	-0,7151721	-0,09975317	-0,613735	0,004313272	-0,1900006	-0,04705985	-0,5384979	-0,03069565	-0,8219134	0,02847709	-0,7330684	8
-0,04867046	-0,09893282	-0,03242271	-0,05047755	0,05477605	0,1707219	0,2774652	0,2155453	-0,166828	0,2231125	-0,2071937	-0,01619369	-0,1176585	-0,1763603	-0,09885835	-0,2424675	0,1172387	0,03707209	0,3073168	-0,002539724	0,3046279	-0,2530892	0,3311065	-0,3635933	-0,1456187	-0,1518898	-0,1910421	-0,4728472	-0,00917685	-0,6771415	-0,08747725	-0,6166072	0,005248745	-0,1847587	0,001408391	-0,5367296	-0,07489179	-0,8098603	0,01000775	-0,758952	8
-0,01725628	-0,0262049	-0,004857031	0,01467027	0,05930223	0,2103985	0,2549278	0,2958136	-0,1599467	0,2179631	-0,2813945	0,03429848	-0,1450353	-0,098187	-0,1262736	-0,1641591	0,2010559	0,237314	0,3211499	0,09236998	0,2858921	-0,1492523	0,3068919	-0,2387519	-0,1311487	-0,09275032	-0,2114259	-0,4134597	-0,1391865	-0,6777459	-0,1365791	-0,5900137	0,04966172	-0,1105205	-0,02213731	-0,4502427	-0,03788489	-0,7303303	-0,007456924	-0,6306406	8
-0,02850319	-0,05699198	-0,0111031	-0,01438539	0,07475621	0,192221	0,2860523	0,2762378	-0,1600483	0,1976945	-0,2194183	-0,02824163	-0,08305912	-0,1607271	-0,06431194	-0,2266482	0,1288405	0,1538284	0,3033244	0,06368618	0,3185667	-0,1866985	0,3592788	-0,2704172	-0,1351063	-0,1037736	-0,2059798	-0,4188318	-0,1268373	-0,6840483	-0,1306349	-0,5976302	0,02991419	-0,1296643	-0,01936021	-0,4725712	-0,02657026	-0,7541996	0,006510349	-0,6513885	8
-0,01879208	-0,04733138	-0,00212565	0,003192329	0,07095519	0,2217656	0,2797201	0,3057961	-0,1401728	0,2159756	-0,2782536	0,03796305	-0,1418944	-0,09452246	-0,1231623	-0,1603905	0,1322848	0,1711808	0,3045133	0,05976756	0,2858078	-0,1862233	0,3135321	-0,2911307	-0,110492	-0,07921152	-0,1869821	-0,4037581	-0,1308964	-0,6696257	-0,2102612	-0,6559051	0,03782493	-0,1145457	-0,01558276	-0,4608859	-0,07500024	-0,7361503	-0,09511714	-0,7772471	8
-0,02889527	0,01166249	-0,01466899	0,05766777	0,05966906	0,269266	0,1733135	0,3932921	-0,08399737	0,3148515	0,08123574	0,1311114	0,2229308	0,02012795	0,2415887	-0,04547904	0,2177986	0,1842705	0,3571155	0,06317485	0,2950794	-0,1742416	0,3096529	-0,2403409	-0,1229879	-0,03670225	-0,1923215	-0,3757786	-0,13471	-0,6393425	-0,1313109	-0,5581118	0,03865976	-0,08328294	0,0001328737	-0,4309972	-0,07821322	-0,6904726	-0,1824073	-0,659886	8
-0,03576492	0,05610172	-0,02088895	0,097126	0,04685985	0,3203226	0,1170231	0,4713709	-0,08759893	0,3184172	0,08400253	0,1456115	0,2362113	0,06069198	0,2548175	-0,004733436	0,2377637	0,3141567	0,3272176	0,1522819	0,2961758	-0,08697551	0,309582	-0,2130081	-0,1300233	0,01131238	-0,1960515	-0,3963335	-0,1243037	-0,6563383	-0,1318909	-0,5778818	0,006271444	-0,03059708	-0,000827854	-0,3799852	-0,01236486	-0,660692	-0,05038961	-0,5888128	8
-0,03187704	0,05708159	-0,01649014	0,1127492	0,05144871	0,4275218	0,1269578	0,5724223	-0,07199058	0,3263124	0,09781335	0,1499762	0,2513598	0,06547669	0,2699634	6,058812E-05	0,2390971	0,3308207	0,3247126	0,1675207	0,3020732	-0,0737392	0,3114946	-0,196647	-0,1116029	0,007682587	-0,1954662	-0,399045	-0,1214558	-0,6561805	-0,129783	-0,5801275	0,01344029	-0,02642929	-0,002499046	-0,3758578	-0,0598233	-0,6447779	-0,1693522	-0,6596571	8
-0,05415501	0,02291819	-0,03545713	0,0746364	0,0613975	0,3565737	0,130146	0,5147363	-0,08443937	0,2777375	0,1142284	0,1324324	0,2846232	0,08323491	0,3032241	0,01782852	0,2334162	0,337703	0,3360338	0,1852577	0,3256245	-0,05653538	0,3571654	-0,1404461	-0,1474449	-0,02127243	-0,1939579	-0,3888181	-0,12892	-0,6505269	-0,1265269	-0,5743235	-0,008796923	-0,06292982	0,006755101	-0,4123414	-0,06968604	-0,6750581	-0,173904	-0,6567618	8
-0,03851376	0,02966601	-0,01808819	0,08112498	0,08908961	0,3033873	0,1645584	0,4613265	-0,08520021	0,2662084	0,1263383	0,1358249	0,3021359	0,09218916	0,3207348	0,02678983	0,245182	0,3367712	0,3564984	0,1901047	0,3140314	-0,03714231	0,3439345	-0,1210322	-0,1335976	-0,01656651	-0,1867951	-0,3961707	-0,1259136	-0,6623719	-0,1271253	-0,5826389	0,003103451	-0,05478732	0,006046749	-0,4044785	-0,1133876	-0,6335784	-0,2021379	-0,6562248	8
-0,03026946	0,03372579	-0,01098101	0,08631627	0,08492105	0,35473	0,1603916	0,5126731	-0,07567339	0,2567923	0,129966	0,1149865	0,3003545	0,04660413	0,3189513	-0,01878793	0,2613464	0,3339487	0,3728644	0,1887718	0,3107291	0,01041923	0,3402772	-0,07356473	-0,1269897	-0,01903163	-0,1856397	-0,3976045	-0,1257836	-0,6629642	-0,1245846	-0,5817224	0,01588687	-0,05492242	0,006915965	-0,4045144	-0,01164541	-0,6846254	-0,02949109	-0,7290733	8
-4,00655E-05	0,05118535	0,01375998	0,09931518	0,09148401	0,3481257	0,1669559	0,5060717	-0,07356605	0,257547	0,1468338	0,1425526	0,324659	0,1049913	0,3432535	0,03960722	0,2815523	0,3336524	0,4482974	0,2441592	0,3252796	0,07227517	0,3532875	-0,01269507	-0,09915106	-0,0123419	-0,1825879	-0,3943777	-0,1181364	-0,6581146	-0,1145294	-0,5784949	0,04307031	-0,04593775	0,009250302	-0,3938573	-0,06430693	-0,6573741	-0,08650662	-0,6887857	8
0,005948253	0,04798946	0,02463697	0,08467566	0,1187954	0,2529438	0,1942683	0,4108917	-0,07408876	0,3170853	0,1287071	0,1726365	0,3216009	0,07866227	0,340193	0,01328663	0,2624976	0,1992535	0,4350176	0,2691396	0,3638364	0,1658868	0,3858844	0,07631408	-0,1003665	0,002396907	-0,1710512	-0,3946381	-0,1142237	-0,6569279	-0,1144687	-0,5775511	0,04203189	-0,05482596	0,01449685	-0,4026692	-0,06913748	-0,6610308	-0,09423799	-0,6891335	8
0,004019956	0,04237104	0,02340676	0,08068702	0,116958	0,2706193	0,1924303	0,4285659	-0,06435642	0,3206829	0,139048	0,1788629	0,3131401	0,1007964	0,3317292	0,03543125	0,2822388	0,1791141	0,463741	0,272288	0,3710693	0,1843331	0,3914696	0,09450115	-0,1079122	0,001613622	-0,1618993	-0,3319722	-0,135493	-0,5993296	-0,1514185	-0,6293139	0,03885479	-0,06385177	0,02021937	-0,4121126	-0,0513725	-0,6765311	-0,07886995	-0,7058421	8
0,14429	0,02144382	0,117336	0,06347509	-0,01431898	0,2682582	-0,2393492	0,3206355	-0,1331678	0,1730401	-0,1718047	-0,004824102	-0,2199091	-0,179906	-0,2448094	-0,2619099	0,2875665	0,2449665	0,05175535	0,1636033	-0,1490419	0,01607797	-0,1724493	-0,06788786	0,1037641	-0,08178273	0,1262149	-0,4292947	0,182036	-0,6961844	0,1094111	-0,6272796	0,2822518	-0,03590519	0,2788964	-0,3741455	0,2915073	-0,6525527	0,3007461	-0,7041734	9
0,1451843	0,03283451	0,1295806	0,06220778	0,04925402	0,2178792	-0,1579897	0,3025517	-0,03840663	0,1539693	-0,107847	-0,01680528	-0,1063237	-0,1992104	-0,09836149	-0,2667871	0,2905868	0,2494675	0,08655106	0,1065096	-0,08202524	-0,07830271	-0,1032298	-0,1627496	0,1099181	-0,05127941	0,1211651	-0,3995378	0,1030776	-0,6776259	0,0841447	-0,5983436	0,2508328	-0,01785507	0,274774	-0,3579985	0,2874544	-0,6363636	0,3021834	-0,6892396	9
0,1530275	0,01665296	0,1374178	0,05108282	0,05253652	0,2174887	-0,1583658	0,2989952	-0,0351093	0,1535487	-0,09032144	-0,02167557	-0,07806638	-0,2239513	-0,08189461	-0,2906808	0,2938399	0,2436519	0,09861308	0,08952641	-0,05025275	-0,1114192	-0,07145554	-0,195859	0,116984	-0,08772004	0,1232618	-0,4271048	0,1114408	-0,7054802	0,08456706	-0,6142191	0,254614	-0,03250475	0,2746339	-0,3563442	0,2865028	-0,6346985	0,2997731	-0,6857558	9
0,1335905	0,04748656	0,1223916	0,07581879	0,08330832	0,1899539	-0,1250847	0,2793817	-0,04707579	0,139082	-0,04093283	-0,04393815	0,003083613	-0,2215143	0,02371897	-0,3025384	0,2955191	0,2425671	0,09460229	0,09855767	-0,02613127	-0,1204406	-0,04733369	-0,2048789	0,09289012	-0,04985626	0,1200406	-0,396925	0,1636326	-0,6694282	0,1839773	-0,7138707	0,2376793	-0,02372342	0,2747362	-0,3632886	0,2899238	-0,6414859	0,3078078	-0,6919724	9
0,1272252	0,01064496	0,08163805	0,05012092	-0,1340773	0,2464994	-0,2449658	0,2987261	-0,07972734	0,3058242	-0,04091682	0,1135616	0,01414762	-0,1303642	0,03249992	-0,2206145	0,2931963	0,2414097	0,09556364	0,09483153	0,04796072	-0,1505593	0,05890176	-0,2177637	0,1071774	-0,05609862	0,1239009	-0,4035886	0,123415	-0,6822515	0,08469487	-0,6116868	0,2678511	-0,03987734	0,2732325	-0,3758307	0,2889832	-0,6539515	0,3061515	-0,6983863	9
0,1163807	0,01149809	0,07364219	0,04955816	-0,1408987	0,2352307	-0,2494411	0,2930197	-0,1067635	0,3130564	-0,05630806	0,1168644	-0,01594895	-0,1300832	0,004777815	-0,2197613	0,2867971	0,243767	0,09184046	0,09348792	0,01020288	-0,1425844	0,01841796	-0,2101753	0,09912073	-0,05665483	0,118661	-0,4038281	0,126001	-0,6823974	0,1284618	-0,6007472	0,262732	-0,03793362	0,2712102	-0,3742757	0,2881294	-0,6523756	0,2136918	-0,6321388	9
0,1557798	-0,00614089	0,1346551	0,04084498	-0,0005735343	0,2672572	-0,1043448	0,3289574	0,07503166	0,3353192	-0,1655874	0,2863298	-0,1727129	0,03679246	-0,2069561	-0,107797	0,2913962	0,2452644	0,06846291	0,1345382	-0,1428442	0,04687478	-0,1451596	-0,01841587	0,1373424	-0,04875399	0,1247105	-0,3955752	0,1664569	-0,6661038	0,2048922	-0,6974756	0,2119946	-0,04503798	0,2915773	-0,3602159	0,3145874	-0,6362904	0,3531446	-0,6795914	9
0,0777889	0,3253437	0,07804579	0,3764809	0,06659685	0,7158431	0,06604607	0,8971524	-0,09741996	0,6011486	-0,3420142	0,5746651	-0,5855785	0,5668648	-0,6526128	0,5713169	0,2387495	0,6047179	0,4864385	0,5747945	0,7344692	0,5908374	0,8018897	0,5918401	0,01433423	0,251057	-0,0004112385	-0,2191464	0,01587328	-0,5735739	0,01518754	-0,6246044	0,1465691	0,2531732	0,1692648	-0,216904	0,189937	-0,5674257	0,1892927	-0,6008031	10
0,08021064	0,3297918	0,08055495	0,3836413	0,07238317	0,7152296	0,07512546	0,8812736	-0,0983813	0,6042699	-0,332697	0,5710115	-0,5640363	0,565945	-0,6308718	0,5754752	0,2406576	0,6098605	0,4892593	0,5890471	0,7275569	0,6077677	0,8082173	0,604045	0,01599437	0,2545228	-0,008664768	-0,2161714	0,0656836	-0,582249	0,0758924	-0,6299875	0,1485115	0,2564399	0,1685867	-0,2144597	0,1975751	-0,5906999	0,1984598	-0,6281472	10
0,08300001	0,3272281	0,08308779	0,3814518	0,0705012	0,7171546	0,07176291	0,8942375	-0,09501702	0,6038442	-0,332599	0,5712965	-0,5712932	0,5643082	-0,6383148	0,5734057	0,2399282	0,6083574	0,4881274	0,587541	0,7358329	0,6048288	0,8208279	0,6012875	0,01943573	0,2527657	-0,003589397	-0,2181461	0,02410238	-0,5689178	0,02592376	-0,6229054	0,151415	0,2549443	0,1716755	-0,2160805	0,1930804	-0,5690598	0,1927207	-0,6079499	10
0,09423995	0,3278408	0,09377901	0,381912	0,08219036	0,7159262	0,08223245	0,889047	-0,08215613	0,6032513	-0,3225234	0,5764756	-0,5744453	0,5706578	-0,6370137	0,5942819	0,2556422	0,6070334	0,5030032	0,5862823	0,7362516	0,608737	0,8033774	0,6118741	0,03036445	0,2540981	0,008554532	-0,2051244	0,07171874	-0,5508503	0,002595425	-0,5817601	0,1630184	0,2538845	0,1787167	-0,2182605	0,202176	-0,5974852	0,2026722	-0,6358317	10
0,09769438	0,3252155	0,1003182	0,3789686	0,1002482	0,7218263	0,1081304	0,9030881	-0,06926183	0,6086082	-0,316534	0,597948	-0,568821	0,6061125	-0,6355602	0,6158569	0,2571918	0,6067217	0,5064571	0,5927011	0,7382754	0,6167798	0,8161323	0,6119676	0,03472899	0,2553581	0,00907173	-0,216771	0,07491456	-0,578472	0,08389571	-0,6317485	0,1600312	0,2538784	0,1773738	-0,2184994	0,2009884	-0,5964671	0,2000433	-0,6371848	10
0,09555107	0,3254983	0,0961761	0,3783442	0,08709785	0,717936	0,09204452	0,8856579	-0,07715545	0,6066829	-0,3086442	0,5957528	-0,5599	0,6022095	-0,6268137	0,6092889	0,2537171	0,6057525	0,5029038	0,5958332	0,7428614	0,6169867	0,824708	0,6200494	0,03301719	0,2544214	0,009300968	-0,21809	0,07580075	-0,5689173	0,003937974	-0,5992234	0,1611755	0,2529044	0,1800196	-0,2197987	0,2025344	-0,5912287	0,2960984	-0,6285588	10
0,0830079	0,3408341	0,08132271	0,3916731	0,07227502	0,7127573	0,08124653	0,8845088	-0,09858295	0,6181369	-0,3387226	0,619417	-0,5562915	0,6440964	-0,6370053	0,6579549	0,253796	0,6140492	0,5061225	0,6144503	0,7289695	0,6527208	0,7928713	0,633559	0,01791782	0,26466	0,005469621	-0,2087052	0,06387399	-0,5625885	-0,003145047	-0,5989739	0,1534175	0,2632258	0,1689414	-0,2100894	0,1930377	-0,5839404	0,2428659	-0,6519944	10
0,0762756	0,345058	0,07584272	0,3952311	0,06078395	0,7173089	0,05584506	0,8923687	-0,1150174	0,6233585	-0,3446398	0,6314305	-0,5920274	0,6661403	-0,6826689	0,6756938	0,2413594	0,6192529	0,4934695	0,6276345	0,7353628	0,665401	0,8021888	0,6588055	0,01084317	0,267165	0,002858177	-0,2068006	0,06098308	-0,5619244	-0,006524604	-0,5970144	0,1480746	0,2675735	0,1672717	-0,20633	0,1926133	-0,5777965	0,1928615	-0,6159486	10
0,07223369	0,3422421	0,07151479	0,3930472	0,0566809	0,7127441	0,06541645	0,8803954	-0,1156205	0,6225904	-0,3482166	0,630758	-0,5856719	0,6547174	-0,6604266	0,6656456	0,2407639	0,61355	0,4671749	0,6258698	0,7155368	0,6586511	0,7877312	0,6633679	0,005834571	0,2649738	-0,004145025	-0,2094544	0,04989276	-0,5623873	0,05745605	-0,6107755	0,1446563	0,2632109	0,1650171	-0,2110056	0,1890813	-0,5668404	0,2815236	-0,608021	10
0,1253548	0,3201377	0,1308945	0,3760972	0,120584	0,7261144	0,1035832	0,8997916	-0,04763311	0,6087739	-0,231537	0,5646922	-0,1635174	0,8153658	-0,1422988	0,8801389	0,2990284	0,6180933	0,5562068	0,5779383	0,4091514	0,7874689	0,3766041	0,8269066	0,05256538	0,2414669	0,03367491	-0,2013793	0,04494513	-0,5365518	0,03630779	-0,5809129	0,1999997	0,2465225	0,2196558	-0,2171113	0,2279029	-0,5301667	0,2188116	-0,5695714	1
0,1328956	0,3007761	0,1332746	0,3588083	0,1208725	0,7175001	0,1050039	0,8928324	-0,04836806	0,5961218	-0,1613161	0,4379532	-0,1194427	0,2760352	-0,1054849	0,2220626	0,2987421	0,6150768	0,4615662	0,4894729	0,4170731	0,3211862	0,396829	0,2634029	0,05678059	0,2217519	0,04295441	-0,2059992	0,04532349	-0,5386676	0,08084543	-0,6099436	0,2138686	0,2277946	0,2204146	-0,2101345	0,2182554	-0,5312703	0,2942556	-0,5939609	2
0,1364564	0,3085037	0,1308529	0,3677475	0,117055	0,7136449	0,1132256	0,8816612	-0,05162078	0,600301	-0,1800607	0,4485518	-0,1049561	0,2601498	-0,07992122	0,1973491	0,2930424	0,6161077	0,4408449	0,4895898	0,4126942	0,3149959	0,4026802	0,2824365	0,06201212	0,2291023	0,04856581	-0,1966047	0,04529857	-0,5371878	0,09274521	-0,6057115	0,2181231	0,2340866	0,2191941	-0,2036072	0,1923725	-0,5384918	0,2781658	-0,6036139	2
0,05929121	0,1034116	0,0284048	0,1474336	-0,08337063	0,3620982	-0,1728236	0,5001982	-0,2008443	0,3120183	-0,2821628	0,1250203	-0,3692375	-0,07820208	-0,3902639	-0,1460253	0,072175	0,375236	0,01708354	0,1490056	-0,1132471	-0,04533979	-0,1806063	-0,1572897	0,0390638	0,02903276	-0,0365537	-0,3045371	0,006723672	-0,567758	-0,04688607	-0,6280027	0,1521597	0,07903259	0,1151685	-0,2586504	0,09691265	-0,5849646	0,193148	-0,6354312	9
0,1869776	0,001316727	0,1347081	0,04248837	-0,1337994	0,2440853	-0,2863783	0,3210999	-0,1906971	0,1945652	-0,0950332	0,02465129	-0,1619703	-0,1726079	-0,1755751	-0,2502789	-0,05748805	0,2903388	-0,07785913	0,04053341	-0,1582781	-0,1926193	-0,1845313	-0,2658688	0,1875606	-0,03631594	0,1535213	-0,3875441	0,2033632	-0,6504517	0,148274	-0,6278816	0,2378763	-0,00238463	0,3119866	-0,3747036	0,317762	-0,6527305	0,2473198	-0,6590009	9
0,1378157	0,3043664	0,1360503	0,3636197	0,1279181	0,7284143	0,1334936	0,9042986	-0,04867747	0,6144989	-0,2585163	0,6185942	-0,5108358	0,6482744	-0,5836098	0,6526145	0,3027772	0,6229755	0,5514079	0,6422015	0,7799388	0,6720148	0,8500453	0,6783847	0,0625304	0,2281951	0,04834862	-0,2269518	0,05707681	-0,5544336	0,05891052	-0,6028442	0,2167477	0,2270388	0,2422731	-0,250013	0,2563385	-0,6205097	0,2584743	-0,6566965	10
0,1403412	0,3040159	0,1390697	0,3633555	0,1297413	0,7276319	0,1342638	0,9048311	-0,04471837	0,6172796	-0,2576889	0,6156173	-0,4727203	0,6456043	-0,5583013	0,6498522	0,3091322	0,623035	0,5613368	0,6349812	0,7673899	0,6679765	0,8497305	0,6821977	0,06469399	0,2273456	0,05139976	-0,225134	0,05657682	-0,5581005	0,05700858	-0,6060343	0,2196275	0,2261471	0,2418287	-0,2535371	0,2587632	-0,6208099	0,3544196	-0,6519442	10
0,1399301	0,3099762	0,1391859	0,3684606	0,1312135	0,7238092	0,1371717	0,8977022	-0,04692042	0,6198661	-0,266006	0,6500752	-0,4594092	0,6873635	-0,5431668	0,7068009	0,3093937	0,6285504	0,5502666	0,6584257	0,7820927	0,7144841	0,8653901	0,7325829	0,06360218	0,2317636	0,05155135	-0,2248141	0,05456207	-0,5586519	0,1318327	-0,6297089	0,2200654	0,2311787	0,2419072	-0,2453216	0,2578777	-0,615365	0,2588353	-0,6518353	10
-0,3466482	0,01308245	-0,3475417	0,08097702	-0,3892616	0,4118424	-0,4512457	0,5753458	-0,5275166	0,3067875	-0,5478047	0,06251729	-0,5094747	-0,1109498	-0,495381	-0,1658995	-0,222697	0,3229951	-0,08882956	0,1366102	-0,1316852	-0,04352061	-0,1608395	-0,1003929	-0,406012	-0,06800008	-0,4040256	-0,4478279	-0,3924714	-0,7734524	-0,4196656	-0,8148757	-0,2724086	-0,05374668	-0,2084509	-0,4039866	-0,08375696	-0,5157893	-0,1000948	-0,437089	10
-0,2417508	0,03772325	-0,2410943	0,1046701	-0,2343087	0,4505673	-0,2255048	0,6265473	-0,398628	0,3344058	-0,4435085	0,08119354	-0,438702	-0,1026661	-0,4401139	-0,1642764	-0,05186666	0,3340325	0,02377358	0,141892	-0,034636	-0,01745632	-0,04739101	-0,06497331	-0,3252861	-0,03976858	-0,3763503	-0,4473053	-0,37364	-0,7415696	-0,3699281	-0,8218232	-0,1610234	-0,04054594	-0,1597366	-0,4007606	-0,1559967	-0,6792651	-0,2370596	-0,664924	10
